000009
000016
000021
000023
000032
000042
000048
000060
000063
000091
000101
000118
000122
000142
000159
000162
000163
000165
000171
000177
000184
000187
000189
000190
000200
000207
000218
000232
000242
000250
000251
000259
000304
000337
000344
000352
000374
000416
000419
000420
000427
000433
000435
000460
000468
000501
000508
000526
000531
000550
000554
000583
000589
000598
000605
000613
000619
000625
000663
000677
000690
000729
000733
000739
000752
000760
000771
000793
000796
000818
000822
000827
000831
000843
000849
000851
000859
000872
000874
000879
000882
000904
000915
000946
000948
000972
001002
001004
001041
001045
001052
001061
001069
001091
001130
001137
001145
001149
001168
001170
001174
001175
001185
001194
001207
001224
001237
001240
001254
001265
001304
001326
001345
001365
001378
001385
001386
001393
001414
001421
001434
001453
001460
001464
001480
001490
001497
001509
001524
001528
001544
001548
001554
001557
001559
001571
001577
001684
001693
001707
001727
001739
001778
001780
001784
001789
001797
001809
001828
001833
001836
001840
001853
001855
001888
001902
001906
001960
001963
001982
001995
001999
002030
002039
002051
002061
002069
002070
002086
002091
002094
002095
002112
002136
002156
002187
002199
002202
002212
002215
002259
002261
002263
002268
002284
002324
002329
002332
002334
002340
002345
002359
002367
002368
002372
002377
002384
002419
002420
002435
002452
002477
002479
002496
002500
002504
002512
002518
002520
002523
002545
002561
002595
002599
002618
002636
002641
002664
002677
002678
002690
002696
002697
002699
002713
002717
002722
002727
002738
002778
002779
002784
002791
002801
002810
002834
002844
002884
002891
002896
002899
002910
002933
002941
002969
003000
003009
003058
003106
003120
003134
003140
003145
003149
003157
003161
003163
003175
003176
003177
003181
003185
003186
003195
003204
003240
003258
003308
003325
003359
003382
003391
003407
003433
003439
003449
003450
003464
003468
003477
003484
003492
003499
003500
003510
003522
003530
003576
003587
003605
003608
003609
003611
003628
003635
003638
003658
003662
003669
003671
003674
003675
003694
003711
003717
003740
003751
003792
003807
003824
003827
003847
003860
003871
003898
003918
003945
003946
003961
003966
003970
003992
004066
004077
004085
004100
004111
004113
004117
004136
004141
004170
004178
004191
004204
004221
004229
004231
004237
004255
004257
004265
004291
004292
004293
004298
004321
004322
004338
004339
004346
004356
004387
004390
004397
004409
004424
004432
004436
004457
004459
004464
004474
004507
004509
004519
004528
004595
004601
004611
004625
004630
004649
004656
004660
004672
004689
004694
004708
004723
004746
004760
004801
004816
004828
004831
004842
004849
004869
004886
004897
004943
004960
004972
004977
004990
004997
005007
005026
005045
005052
005077
005086
005090
005093
005097
005116
005135
005138
005144
005159
005161
005169
005171
005173
005179
005183
005217
005246
005260
005262
005293
005303
005304
005311
005327
005338
005340
005345
005348
005350
005363
005365
005385
005407
005441
005455
005457
005475
005487
005496
005499
005507
005511
005518
005519
005526
005547
005554
005573
005574
005631
005644
005653
005654
005682
005685
005686
005705
005716
005723
005728
005729
005736
005740
005755
005760
005762
005765
005773
005779
005781
005788
005790
005799
005815
005824
005836
005843
005878
005885
005889
005895
005912
005914
005928
005956
005970
005984
005988
005990
005995
006000
006005
006027
006041
006046
006058
006067
006078
006084
006095
006117
006134
006151
006161
006163
006174
006179
006183
006184
006185
006196
006201
006220
006241
006249
006276
006295
006296
006319
006330
006387
006391
006400
006411
006417
006459
006472
006474
006475
006476
006497
006515
006534
006536
006542
006548
006550
006564
006584
006585
006605
006626
006627
006636
006637
006643
006658
006661
006667
006671
006679
006709
006727
006766
006789
006803
006808
006825
006840
006847
006855
006859
006860
006864
006893
006919
006924
006930
006931
006949
006981
006987
006989
007003
007022
007025
007048
007052
007064
007073
007079
007084
007125
007128
007146
007148
007172
007194
007211
007212
007219
007230
007244
007284
007295
007318
007325
007344
007359
007375
007390
007410
007432
007458
007468
007479
007482
007490
007513
007525
007546
007565
007594
007605
007611
007612
007615
007621
007629
007631
007642
007649
007654
007662
007664
007675
007682
007687
007699
007715
007724
007732
007743
007749
007754
007760
007790
007791
007795
007810
007821
007845
007853
007878
007883
007897
007921
007926
007956
008002
008037
008040
008042
008061
008095
008108
008116
008121
008144
008151
008175
008180
008190
008202
008232
008253
008263
008297
008301
008313
008322
008323
008329
008341
008384
008386
008424
008445
008467
008472
008482
008522
008536
008549
008550
008587
008588
008604
008621
008654
008665
008688
008717
008741
008748
008753
008770
008775
008793
008801
008811
008833
008836
008900
008909
008913
008920
008930
008939
008948
008980
008988
008989
009006
009024
009048
009066
009072
009089
009128
009148
009174
009180
009181
009221
009227
009246
009251
009259
009268
009269
009279
009282
009287
009290
009306
009312
009315
009316
009326
009330
009331
009343
009347
009348
009349
009374
009389
009392
009405
009411
009434
009438
009443
009445
009446
009448
009460
009469
009497
009507
009515
009524
009533
009540
009542
009577
009587
009603
009615
009617
009629
009644
009666
009670
009684
009687
009692
009719
009721
009726
009737
009748
009756
009763
009789
009800
009810
009828
009841
009868
009878
009881
009882
009905
009946
009947
009961
