000146
000174
000236
000282
000328
000374
000545
000599
000626
000702
000726
000733
000879
000895
000899
000903
000911
000926
000934
000982
000997
001147
001194
001200
001205
001266
001333
001371
001627
001723
001730
001756
001800
001918
001927
001963
001989
002012
002027
002042
002165
002176
002180
002293
002311
002445
002468
002472
002491
002520
002524
002563
002566
002634
002641
002730
002841
002867
002880
002914
002967
002988
002992
003042
003058
003078
003107
003121
003145
003146
003189
003218
003273
003303
003311
003386
003444
003455
003491
003529
003549
003639
003685
003695
003708
003711
003735
003760
003826
003834
003835
003849
003960
003961
003963
004009
004014
004093
004146
004221
004223
004255
004321
004329
004392
004424
004481
004495
004510
004686
004699
004770
004782
004783
004831
004859
004946
004995
005094
005121
005144
005159
005210
005229
005298
005373
005417
005471
005475
005530
005536
005630
005631
005657
005731
005742
005829
005885
005903
005990
006011
006029
006095
006175
006189
006209
006224
006250
006264
006282
006284
006285
006335
006369
006445
006458
006468
006506
006536
006609
006678
006682
006690
006703
006803
006836
006845
006855
006899
006939
007059
007104
007184
007263
007266
007270
007292
007365
007369
007372
007498
007506
007559
007603
007615
007657
007859
007902
007909
007923
007940
007971
007997
008040
008053
008103
008108
008248
008329
008368
008424
008462
008468
008485
008612
008644
008683
008698
008757
008810
008871
008872
009034
009036
009091
009153
009157
009193
009208
009224
009252
009271
009287
009289
009318
009330
009349
009377
009418
009518
009524
009613
009627
009703
009792
009828
009878
009879
009881
009949
