000066
000110
000113
000138
000146
000165
000174
000259
000276
000298
000321
000322
000323
000411
000438
000446
000468
000520
000589
000677
000694
000739
000750
000806
000810
000814
000828
000874
000895
000926
001036
001066
001097
001109
001113
001137
001147
001168
001240
001248
001265
001269
001284
001327
001498
001499
001504
001509
001526
001544
001571
001608
001611
001627
001686
001721
001749
001772
001784
001785
001795
001830
001841
001849
001904
001918
001938
001958
001977
001989
002012
002096
002142
002163
002169
002193
002219
002220
002224
002233
002285
002293
002306
002324
002342
002401
002410
002413
002433
002459
002476
002481
002491
002524
002632
002649
002689
002710
002714
002744
002815
002827
002834
002841
002864
002879
002886
002889
002915
002932
002935
002954
002958
002960
002976
002988
003003
003039
003058
003064
003086
003107
003134
003138
003140
003145
003280
003282
003292
003296
003320
003380
003435
003465
003548
003550
003580
003654
003663
003688
003700
003749
003781
003817
003838
003847
003856
003868
003879
003913
003961
003996
004039
004058
004092
004122
004133
004138
004169
004205
004223
004230
004265
004269
004273
004360
004397
004424
004457
004471
004517
004518
004520
004653
004685
004715
004723
004770
004790
004801
004831
004852
004897
004913
004928
004987
005024
005037
005039
005045
005054
005111
005134
005144
005176
005189
005208
005219
005220
005229
005239
005283
005297
005298
005310
005343
005348
005383
005405
005417
005421
005450
005522
005527
005542
005582
005583
005644
005648
005657
005664
005695
005716
005761
005764
005765
005780
005786
005818
005824
005826
005829
005836
005840
005859
005881
005885
005889
005905
005940
